0.4928 63408.1 5.45859 1 500 250 5000 0.5 1 
0.4985 63039.6 11.3638 1 500 250 10000 0.5 1 
0.504133 63152.9 17.0047 1 500 250 15000 0.5 1 
0.50095 62861.3 22.57 1 500 250 20000 0.5 1 
0.49856 63001.2 28.2799 1 500 250 25000 0.5 1 
0.498733 62767.3 33.8034 1 500 250 30000 0.5 1 
0.500343 62852.2 39.4746 1 500 250 35000 0.5 1 
0.4926 63408.1 3.233 1 500 250 5000 0.5 2 
0.4985 63036.6 6.30835 1 500 250 10000 0.5 2 
0.5042 63152.7 9.37885 1 500 250 15000 0.5 2 
0.50095 62863.2 12.442 1 500 250 20000 0.5 2 
0.49852 63004.4 16.1836 1 500 250 25000 0.5 2 
0.4987 62769.2 20.6027 1 500 250 30000 0.5 2 
0.500314 62851.7 24.1651 1 500 250 35000 0.5 2 
0.4926 63433.7 2.06766 1 500 250 5000 0.5 4 
0.4983 63037.9 4.07372 1 500 250 10000 0.5 4 
0.504133 63148.9 6.15926 1 500 250 15000 0.5 4 
0.501 62861 8.01648 1 500 250 20000 0.5 4 
0.49848 63005 10.9204 1 500 250 25000 0.5 4 
0.498733 62771.6 17.2378 1 500 250 30000 0.5 4 
0.500314 62852.4 16.8156 1 500 250 35000 0.5 4 
0.4926 63459.6 2.02157 1 500 250 5000 0.5 8 
0.4984 63013.8 3.99 1 500 250 10000 0.5 8 
0.504133 63142.2 6.21168 1 500 250 15000 0.5 8 
0.50075 62862.5 7.88354 1 500 250 20000 0.5 8 
0.49848 63001.5 9.89454 1 500 250 25000 0.5 8 
0.4988 62767.3 12.6037 1 500 250 30000 0.5 8 
0.500371 62841.4 15.3405 1 500 250 35000 0.5 8 
0.4926 63459.6 2.22407 1 500 250 5000 0.5 16 
0.4984 63013.8 4.41938 1 500 250 10000 0.5 16 
0.504133 63142.2 6.60202 1 500 250 15000 0.5 16 
0.50075 62862.5 8.73515 1 500 250 20000 0.5 16 
0.49848 63001.5 11.0192 1 500 250 25000 0.5 16 
0.4988 62767.3 13.0875 1 500 250 30000 0.5 16 
0.500371 62841.4 15.3455 1 500 250 35000 0.5 16 	
