20143 22749 21511
20137 22389 21328
20085 22478 21203
19900 22346 21124
19900 22171 21041
19765 21990 20970
19765 21987 20931
19621 22098 20881
19621 21885 20844
19621 21906 20805
19621 21923 20767
19621 21593 20728
19621 21801 20683
19582 21965 20671
19582 21742 20631
19582 21779 20618
19582 21727 20586
19541 21793 20563
19353 21616 20570
19353 21826 20530
19353 21841 20504
19353 21619 20476
19353 21518 20459
19353 21667 20425
19346 21528 20391
19303 21456 20380
19303 21664 20355
19250 21700 20334
19250 21603 20315
19168 21451 20285
19097 21419 20283
19097 21438 20259
19097 21381 20233
19097 21449 20215
18983 21338 20213
18826 21229 20182
18826 21424 20165
18826 21322 20133
18674 21218 20097
18548 21186 20057
18548 21360 20042
18548 21032 19985
18536 21018 19952
18536 21138 19895
18536 20942 19843
18536 21170 19777
18536 20807 19688
18536 20784 19629
18350 20869 19572
18350 20680 19509
18350 20485 19441
18350 20381 19407
18350 20452 19359
18350 20484 19324
18321 20567 19312
18276 20280 19263
18276 20409 19231
18206 20187 19201
18122 20120 19170
18122 20059 19166
18052 20039 19132
18052 20153 19108
18052 20346 19084
18052 19989 19057
18052 19970 19030
18052 19909 19009
18015 20002 18996
18015 19994 18971
17967 20016 18956
17967 19863 18936
17895 19733 18913
17895 19854 18880
17703 19799 18856
17703 19868 18825
17703 19841 18793
17703 19722 18763
17703 19679 18744
17703 19770 18706
17642 19901 18695
17642 19888 18637
17586 19615 18599
17586 19655 18592
17572 19519 18559
17572 19438 18517
17572 19514 18483
17566 19612 18465
17566 19451 18437
17401 19741 18399
17401 19198 18355
17401 19403 18317
17401 19374 18285
17231 19297 18215
17231 19091 18181
17231 19108 18125
17231 18971 18077
17220 18832 18031
17220 18786 17981
17220 18843 17945
17220 18851 17905
17193 18815 17883
17160 18606 17826
17088 18618 17804
17088 18562 17780
17034 18932 17741
16880 18474 17714
16880 18537 17682
16880 18585 17632
16846 18509 17592
16846 18318 17570
16846 18318 17523
16846 18299 17493
16807 18297 17440
16682 18304 17407
16682 18215 17370
16619 18261 17334
16580 18155 17291
16580 18046 17245
16580 18043 17214
16580 17882 17177
16493 18135 17152
16493 17779 17127
16413 17972 17094
16413 17878 17066
16332 17908 17030
16215 17810 16999
16215 17856 16964
16215 17910 16928
16215 17686 16899
16165 17708 16872
16165 17561 16838
16165 17684 16797
16165 17447 16769
16036 17458 16746
16036 17681 16727
15949 17418 16704
15949 17432 16682
15949 17526 16649
15883 17375 16617
15874 17331 16591
15874 17300 16552
15874 17159 16518
15874 17231 16496
15773 17091 16465
15751 17069 16439
15735 17182 16400
15678 17115 16363
15597 17218 16325
15597 17209 16273
15576 17135 16238
15400 17019 16199
15400 16961 16163
15400 16839 16118
15400 16963 16091
15324 16976 16066
15324 16750 16029
15324 16745 15996
15324 16857 15967
15262 16664 15930
15130 16674 15900
15130 16578 15862
15108 16629 15823
15108 16648 15799
15108 16486 15760
15108 16384 15722
15108 16478 15696
15027 16302 15668
15027 16302 15653
14907 16332 15628
14907 16377 15594
14856 16341 15563
14856 16171 15542
14856 16350 15515
14856 16152 15490
14826 16170 15460
14826 16181 15440
14778 16108 15412
14778 16181 15392
14778 16107 15370
14747 16329 15353
14691 16131 15342
14674 16028 15317
14662 15968 15305
14609 15963 15282
14609 16038 15265
14609 15885 15243
14602 15964 15226
14537 15874 15218
14537 15969 15190
14537 15920 15167
14420 15874 15161
14420 15939 15135
14420 15737 15100
14420 15712 15095
14420 15793 15069
14394 15799 15039
14309 15799 15034
14309 15685 15006
14298 15634 14979
14298 15639 14950
14298 15710 14930
14298 15715 14911
14253 15558 14882
14118 15860 14863
14118 15494 14834
14118 15512 14813
14118 15459 14794
14118 15447 14759
14118 15384 14723
14118 15427 14686
14076 15410 14679
13881 15290 14632
13881 15558 14616
13881 15357 14580
13881 15341 14536
13804 15343 14506
13804 15139 14484
13804 15144 14458
13804 15132 14417
13804 15150 14393
13755 15012 14354
13755 15004 14330
13755 14876 14303
13715 15019 14274
13715 14865 14248
13715 14850 14204
13715 14751 14200
13632 14906 14174
13632 14752 14149
13632 14648 14131
13628 14691 14108
13570 14840 14080
13570 14773 14058
13570 14573 14029
13430 14556 14005
13430 14587 13983
13381 14597 13964
13381 14670 13944
13348 14662 13915
13306 14476 13888
13306 14641 13870
13306 14513 13836
13306 14585 13815
13206 14478 13784
13197 14359 13745
13150 14445 13704
13123 14333 13661
13123 14483 13622
13123 14259 13601
13114 14236 13565
13051 14202 13532
13051 14361 13507
12981 14018 13471
12916 13981 13437
12898 13916 13401
12898 13960 13371
12898 13826 13337
12898 13845 13311
12898 13691 13291
12895 13986 13266
12825 13733 13248
12717 13663 13215
12717 13643 13187
12717 13734 13164
12717 13584 13129
12717 13566 13111
12655 13507 13075
12649 13510 13047
12623 13481 13016
12607 13499 12990
12607 13391 12960
12600 13413 12939
12516 13520 12908
12448 13351 12889
12448 13285 12861
12448 13258 12835
12448 13354 12807
12412 13112 12780
12313 13190 12762
12313 13182 12738
12310 13192 12705
12310 13091 12685
12298 13065 12664
12277 13059 12642
12277 13107 12617
12257 12994 12593
12257 13146 12579
12252 12965 12554
12186 12968 12538
12134 13005 12522
12072 12935 12500
12072 12812 12472
12052 12880 12454
12052 12784 12432
12052 12854 12416
12052 12752 12395
12009 12781 12370
12009 12719 12351
12009 12739 12340
11947 12760 12317
11947 12668 12298
11941 12723 12282
11941 12620 12260
11941 12603 12243
11938 12626 12230
11897 12656 12217
11897 12553 12203
11831 12682 12186
11831 12630 12170
11829 12581 12155
11829 12597 12142
11827 12494 12127
11772 12488 12113
11772 12455 12094
11750 12449 12079
11712 12529 12062
11689 12487 12048
11689 12445 12035
11681 12434 12024
11677 12410 12001
11576 12498 11983
11573 12475 11969
11573 12463 11951
11573 12379 11932
11573 12307 11920
11573 12266 11908
11573 12288 11893
11552 12294 11874
11552 12257 11864
11545 12295 11847
11492 12216 11821
11492 12179 11807
11422 12214 11790
11409 12158 11780
11406 12179 11767
11357 12197 11754
11328 12200 11733
11328 12171 11714
11328 12203 11696
11328 12146 11681
11328 12048 11659
11328 12038 11640
11288 11985 11609
11288 12027 11587
11230 11978 11561
11165 11839 11533
11165 11839 11509
11165 11922 11486
11157 11845 11459
11157 11806 11442
11157 11785 11419
11157 11878 11391
11157 11705 11373
11139 11717 11358
11125 11659 11338
11041 11711 11325
11026 11650 11307
11026 11634 11293
11026 11614 11275
11026 11607 11258
11026 11602 11240
11001 11650 11229
11001 11546 11214
10964 11494 11189
10918 11452 11166
10918 11459 11147
10918 11462 11127
10918 11367 11107
10896 11331 11089
10885 11308 11069
10869 11339 11050
10837 11252 11032
10809 11264 11013
10805 11248 10996
10801 11328 10979
10793 11191 10964
10793 11236 10947
10760 11203 10936
10751 11155 10920
10742 11129 10907
10721 11096 10891
10720 11100 10871
10674 11088 10855
10659 11097 10836
10659 11039 10820
10637 11040 10805
10635 10998 10791
10568 11020 10774
10568 10948 10761
10568 10951 10743
10555 10966 10724
10543 10952 10705
10499 10855 10687
10481 10871 10664
10469 10817 10643
10469 10814 10624
10455 10797 10602
10429 10788 10580
10425 10726 10558
10412 10716 10538
10371 10708 10520
10371 10662 10500
10361 10646 10483
10336 10606 10464
10309 10575 10448
10309 10567 10430
10271 10535 10412
10267 10550 10393
10257 10499 10374
10245 10524 10358
10222 10493 10338
10204 10431 10321
10175 10436 10303
10168 10462 10289
10142 10375 10272
10138 10422 10256
10123 10340 10238
10121 10338 10222
10116 10293 10207
10100 10297 10191
10095 10306 10177
10074 10281 10164
10070 10274 10151
10065 10278 10140
10053 10239 10127
10040 10219 10115
10028 10240 10105
10011 10212 10094
10010 10204 10083
9975 10189 10071
9957 10154 10057
9957 10162 10044
9941 10141 10031
9936 10133 10017
9900 10169 10002
9880 10097 9988
9876 10096 9974
9866 10075 9958
9859 10080 9945
9855 10052 9931
9846 10016 9918
9832 10011 9907
9824 10011 9894
9803 9976 9882
9790 10000 9872
9773 10016 9862
9773 9957 9850
9761 9978 9839
20040 22870 21537
20040 22110 21321
20040 22214 21214
20040 22253 21114
19367 22060 21032
19367 22123 20974
19367 21930 20927
19367 21870 20872
19367 21881 20849
19367 21792 20814
19367 21876 20784
19367 21917 20747
19367 21926 20736
19367 21867 20663
19367 21757 20657
19367 21768 20637
19367 21613 20595
19201 21837 20560
19201 21564 20528
19201 21694 20503
19201 21768 20491
19145 21733 20459
19003 21773 20417
19003 21552 20393
19003 21540 20338
19003 21655 20332
19003 21565 20306
19003 21356 20277
19003 21386 20269
19003 21414 20249
19003 21454 20232
19003 21308 20221
19003 21246 20194
19003 21280 20154
19003 21590 20139
18924 21581 20126
18741 21585 20089
18741 21423 20058
18741 21174 20041
18741 21135 20006
18741 21127 19979
18741 21064 19967
18741 21156 19937
18737 20966 19888
18737 20967 19870
18737 21189 19832
18698 21065 19794
18698 21071 19748
18698 20888 19717
18687 20896 19688
18561 20709 19633
18459 20846 19602
18459 20922 19568
18459 20610 19530
18459 20385 19503
18459 20633 19472
18459 20501 19456
18459 20613 19430
18416 20374 19411
18416 20453 19396
18183 20373 19388
18183 20341 19366
18165 20361 19327
18165 20283 19314
18089 20408 19289
18051 20398 19280
18051 20319 19252
18051 20371 19251
18051 20187 19234
18051 20442 19218
18051 20364 19208
18051 20298 19180
18051 20388 19165
18051 20548 19134
18051 20254 19104
18051 20082 19078
17942 20059 19048
17942 20102 19028
17942 20088 18988
17942 20242 18963
17942 20096 18952
17942 19971 18931
17942 20128 18928
17914 20054 18894
17816 20099 18866
17816 19970 18832
17779 20073 18815
17779 19837 18793
17779 19866 18767
17779 19937 18757
17697 19818 18724
17697 20056 18715
17697 19658 18693
17695 19857 18654
17695 19784 18616
17695 19752 18592
17695 19752 18561
17651 19825 18554
17651 19579 18536
17651 20159 18522
17651 19692 18494
17604 19737 18472
17479 19599 18444
17479 19347 18412
17479 19522 18396
17479 19634 18373
17479 19314 18359
17410 19485 18317
17410 19295 18280
17410 19414 18238
17410 19462 18224
17255 19542 18208
17227 19175 18163
17227 19277 18145
17227 19002 18123
17172 19007 18085
17172 19143 18050
17172 18855 17999
17172 18867 17980
17122 18925 17953
17107 18863 17939
16997 18997 17897
16988 18656 17870
16886 19055 17827
16886 18963 17806
16886 18798 17778
16886 18790 17735
16886 18641 17704
16831 18578 17660
16831 18499 17647
16793 18583 17619
16789 18517 17586
16468 18409 17548
16468 18531 17526
16468 18360 17489
16468 18267 17459
16468 18255 17419
16468 18228 17386
16468 18458 17362
16468 18237 17344
16468 18190 17315
16468 18164 17299
16468 18102 17247
16468 18087 17227
16326 18336 17212
16326 18018 17178
16326 18176 17163
16326 18007 17132
16326 17974 17125
16314 18010 17109
16314 17815 17073
16310 17727 17054
16310 18043 17031
16229 17727 17009
16229 17862 16983
16139 18076 16956
16139 17949 16933
16129 17776 16921
16129 17795 16901
16104 17765 16898
16104 17827 16869
16104 17759 16836
16104 17674 16812
15978 17814 16789
15977 17745 16757
15977 17512 16740
15923 17633 16720
15923 17507 16705
15923 17525 16683
15849 17585 16672
15849 17502 16660
15849 17404 16649
15849 17499 16630
15792 17592 16606
15792 17376 16601
15768 17561 16577
15648 17436 16551
15648 17454 16552
15648 17497 16534
15648 17458 16513
15648 17427 16494
15648 17502 16469
15648 17778 16454
15648 17340 16430
15543 17271 16405
15543 17400 16393
15543 17269 16371
15543 17216 16344
15543 17096 16315
15543 17333 16311
15543 17084 16317
15543 17117 16287
15335 17052 16264
15335 17095 16241
15335 16976 16227
15175 17176 16205
15175 17016 16184
15175 17204 16146
15175 17054 16126
15175 17016 16078
15175 17038 16053
15175 16855 16018
15175 16850 15984
15175 16907 15957
15175 16997 15932
15170 16929 15904
15170 16697 15863
15064 16594 15844
15064 16682 15816
15064 16674 15784
15064 16608 15757
15064 16615 15730
15064 16805 15713
15062 16589 15686
15021 16533 15665
14918 16411 15648
14868 16521 15628
14868 16483 15598
14868 16431 15578
14868 16379 15546
14868 16466 15514
14847 16392 15476
14847 16211 15437
14697 16191 15409
14697 16201 15380
14697 16030 15338
14641 16250 15313
14641 16199 15270
14575 15903 15240
14428 15903 15201
14428 16044 15175
14428 15847 15120
14403 15755 15095
14403 15856 15067
14403 15780 15038
14403 15754 14998
14359 15673 14973
14359 15598 14948
14359 15554 14911
14351 15539 14880
14340 15884 14854
14331 15577 14827
14214 15544 14788
14214 15534 14772
14147 15372 14753
14147 15408 14732
14097 15465 14703
14097 15424 14683
14074 15250 14675
14074 15281 14661
13849 15322 14647
13849 15331 14621
13849 15413 14596
13849 15395 14580
13849 15238 14566
13849 15363 14544
13849 15199 14520
13849 15169 14505
13849 15215 14484
13849 15109 14455
13845 15090 14442
13845 15039 14411
13845 15185 14400
13845 14995 14386
13803 14896 14365
13784 14949 14352
13729 14976 14338
13729 14867 14331
13729 15006 14316
13729 14835 14305
13627 14917 14288
13627 14917 14273
13627 14947 14258
13627 15019 14237
13627 14962 14218
13627 14888 14196
13544 14691 14178
13544 14789 14160
13544 14690 14142
13544 14863 14128
13544 14742 14106
13531 14669 14084
13465 14902 14066
13465 14691 14047
13332 14696 14026
13332 14593 13998
13332 14575 13973
13305 14646 13948
13305 14702 13933
13305 14540 13910
13305 14559 13875
13305 14429 13848
13305 14399 13817
13214 14458 13799
13204 14553 13786
13204 14440 13769
13204 14448 13749
13154 14364 13717
13154 14313 13692
13154 14543 13662
13132 14342 13646
13132 14219 13615
13130 14145 13588
13076 14155 13572
13076 14226 13548
12976 14074 13532
12900 14034 13512
12900 14058 13482
12900 13993 13473
12900 14107 13460
12900 14073 13428
12775 13906 13404
12775 13955 13381
12775 13880 13360
12775 14012 13333
12767 13855 13299
12767 13828 13282
12767 13807 13262
12767 13881 13235
12767 13758 13200
12688 13777 13176
12688 13651 13153
12677 13708 13135
12677 13680 13107
12584 13637 13091
12584 13550 13065
12584 13604 13044
12584 13527 13025
12529 13503 12993
12476 13480 12980
12476 13457 12947
12476 13467 12926
12476 13382 12904
12294 13447 12883
12294 13383 12857
12266 13425 12834
12266 13377 12812
12238 13275 12793
12238 13284 12765
12238 13389 12750
12231 13290 12724
12209 13192 12698
12127 13257 12667
12127 13071 12639
12127 13091 12615
12127 13086 12592
12127 13057 12563
12005 13014 12530
12005 12950 12499
12005 13025 12464
12005 12869 12427
12005 12887 12383
12005 12865 12341
11974 12761 12306
11963 12770 12268
11855 12691 12235
11855 12668 12200
11836 12542 12168
11833 12558 12137
11787 12440 12107
11713 12458 12081
11713 12374 12052
11708 12385 12024
11701 12344 11991
11694 12343 11964
11633 12308 11932
11632 12381 11906
11538 12174 11877
11538 12174 11853
11538 12118 11831
11478 12165 11801
11445 12149 11777
11445 12101 11749
11429 12090 11727
11386 12014 11700
11358 12095 11670
11356 11945 11647
11301 12011 11622
11287 11853 11596
11230 11861 11574
11230 11811 11552
11230 11831 11534
11230 11810 11511
11198 11862 11490
11182 11804 11468
11179 11766 11446
11177 11711 11422
11050 11706 11400
11050 11691 11379
11050 11655 11353
11040 11619 11334
11021 11561 11313
10983 11629 11287
10983 11547 11273
10966 11551 11252
10966 11515 11235
10966 11493 11217
10922 11476 11198
10880 11503 11176
10880 11427 11155
10880 11465 11138
10880 11398 11117
10829 11328 11097
10829 11343 11081
10829 11308 11057
10775 11328 11043
10775 11316 11029
10744 11268 11005
10744 11295 10991
10744 11244 10973
10744 11209 10951
10726 11169 10935
10713 11186 10922
10677 11281 10903
10647 11124 10885
10647 11134 10866
10631 11105 10849
10608 11083 10830
10537 11074 10815
10537 11190 10797
10537 11074 10779
10537 10979 10766
10537 10963 10753
10529 10973 10741
10502 10996 10726
10465 10957 10713
10465 10922 10700
10465 10916 10686
10446 10926 10674
10446 10953 10665
10411 10924 10654
10411 10953 10642
10411 10916 10626
10411 10817 10613
10391 10824 10598
10391 10801 10585
10391 10812 10569
10357 10836 10553
10327 10815 10537
10324 10722 10516
10261 10741 10501
10238 10765 10485
10238 10686 10464
10194 10676 10447
10194 10614 10429
10194 10664 10408
10190 10674 10390
10176 10640 10370
10176 10578 10351
10157 10554 10330
10106 10536 10309
10091 10489 10290
10091 10521 10275
10091 10469 10260
10067 10448 10239
10067 10440 10223
10028 10489 10208
10028 10398 10191
10028 10385 10174
9990 10358 10161
9990 10331 10152
9990 10331 10139
9989 10377 10125
9975 10265 10111
9945 10266 10099
9945 10311 10088
9939 10262 10077
9934 10259 10064
9910 10215 10051
9895 10208 10037
9895 10216 10023
9877 10249 10013
9874 10249 10000
9861 10175 9986
9851 10190 9975
9841 10181 9963
9822 10125 9951
9822 10145 9938
9791 10107 9925
9782 10132 9912
9757 10086 9898
9751 10074 9884
9746 10100 9871
9703 10102 9858
9696 10047 9842
9687 9963 9827
9684 10044 9814
9664 9982 9801
9646 9998 9785
9646 9951 9771
9638 9943 9755
9627 9898 9740
9619 9875 9725
9604 9892 9711
9594 9848 9697
9578 9816 9683
9567 9846 9669
9556 9838 9657
9556 9777 9643
9531 9773 9633
9527 9747 9620
9513 9775 9609
9511 9725 9599
9503 9726 9588
9497 9721 9580
9481 9756 9570
9450 9720 9560
9447 9683 9549
9433 9664 9538
9415 9656 9528
9393 9654 9517
9384 9666 9505
9376 9621 9492
9366 9626 9476
9334 9625 9463
9334 9641 9447
9334 9562 9432
9334 9546 9418
9315 9527 9405
9292 9516 9392
9286 9505 9379
9266 9505 9366
9266 9513 9355
9265 9481 9343
9242 9449 9333
9242 9423 9323
9233 9421 9312
9216 9431 9301
9199 9405 9290
9199 9414 9280
9174 9375 9270
9171 9389 9259
9154 9371 9247
9152 9359 9234
9111 9353 9222
9097 9357 9209
9088 9303 9195
9069 9309 9183
9069 9301 9168
9065 9302 9155
9031 9254 9141
9029 9253 9125
9029 9202 9110
9016 9203 9098
8988 9211 9086
8974 9193 9076
8973 9165 9064
8972 9151 9052
8971 9150 9043
8962 9185 9035
8947 9118 9026
8944 9159 9016
8931 9130 9004
8931 9116 8991
8919 9111 8981
8890 9088 8972
8890 9081 8966
8890 9084 8960
8889 9064 8951
8889 9060 8943
8883 9044 8934
8853 9047 8928
8853 9046 8921
8827 9023 8914
8827 9001 8905
8827 9007 8896
8823 9005 8888
8821 9008 8879
8798 9015 8868
8777 8978 8860
8777 8956 8849
8774 8932 8840
8765 8951 8832
8747 8923 8822
8747 8923 8814
8708 8915 8805
8707 8908 8797
8707 8883 8787
8707 8907 8777
8700 8877 8768
8695 8858 8760
8678 8849 8750
8677 8869 8740
8662 8838 8728
8656 8824 8718
8647 8812 8708
8647 8812 8700
8647 8780 8690
8647 8808 8685
8641 8785 8682
8635 8798 8676
8627 8785 8672
8623 8750 8664
8613 8760 8657
8600 8740 8650
8599 8735 8644
8593 8787 8639
8575 8740 8634
8560 8731 8628
8555 8728 8622
8552 8737 8615
8534 8717 8606
8526 8763 8599
8525 8737 8590
8525 8690 8582
8497 8681 8572
8497 8679 8564
8497 8682 8556
8479 8644 8547
8478 8687 8539
8425 8713 8530
8425 8630 8522
8425 8622 8512
8425 8627 8506
8425 8603 8497
8425 8598 8487
8407 8604 8479
8407 8566 8470
8393 8565 8461
8386 8600 8451
8380 8603 8442
8379 8545 8434
8369 8527 8428
8352 8531 8420
8352 8546 8412
8351 8514 8407
8348 8532 8398
8327 8526 8391
8325 8489 8382
8319 8485 8374
8318 8479 8365
8316 8479 8356
8300 8447 8352
8296 8448 8345
8291 8434 8341
8283 8448 8336
8274 8456 8332
8271 8445 8325
8271 8411 8319
8258 8415 8314
8244 8403 8308
8232 8399 8304
8218 8425 8300
8218 8397 8292
8202 8430 8285
8202 8398 8275
8202 8358 8266
8188 8364 8256
8165 8338 8251
8165 8366 8246
8160 8357 8240
8160 8339 8232
8157 8379 8222
8142 8322 8211
8142 8304 8199
8142 8311 8188
8141 8285 8182
8140 8294 8178
8123 8338 8175
8123 8276 8172
8099 8276 8167
8099 8269 8163
8098 8256 8157
8091 8273 8151
8081 8251 8147
8081 8264 8143
8065 8248 8136
8065 8245 8126
8061 8192 8111
8050 8248 8103
8050 8197 8097
8049 8193 8090
8039 8185 8084
8029 8198 8079
8029 8189 8075
8023 8155 8070
8022 8172 8066
8021 8156 8061
8014 8162 8058
8014 8157 8053
8007 8143 8047
8003 8183 8040
8003 8160 8035
7995 8140 8031
7995 8125 8028
7994 8134 8026
7985 8133 8022
7970 8138 8019
7970 8141 8014
7970 8155 8012
7963 8165 8007
7958 8097 8002
7957 8108 8000
7952 8099 7995
7952 8144 7990
7942 8106 7988
7934 8077 7982
7934 8089 7977
7929 8094 7971
7909 8064 7966
7896 8069 7960
7896 8054 7956
7896 8050 7951
7895 8042 7945
7885 8040 7940
7885 8051 7935
7873 8038 7930
7873 8022 7923
7871 8047 7916
7870 8022 7911
7861 8028 7905
7850 8043 7902
7850 8035 7896
7849 8003 7891
7834 8000 7885
7831 7974 7880
7818 8048 7874
7811 7970 7868
7809 8029 7864
7804 7975 7858
7787 7962 7852
7787 7996 7845
7784 8020 7841
7778 7969 7833
7776 7962 7828
7767 7924 7822
7758 7975 7817
7754 7954 7811
7752 7993 7806
7747 7982 7798
7732 7900 7793
7732 7954 7786
7732 7949 7780
7724 7928 7774
7713 7908 7767
7710 7902 7762
7700 7885 7756
7692 7863 7749
7687 7865 7746
7687 7835 7737
7684 7889 7731
7665 7840 7723
7664 7861 7716
7650 7891 7709
7650 7805 7702
7648 7806 7695
7644 7805 7688
7634 7802 7680
7634 7802 7674
7634 7777 7668
7628 7796 7664
7624 7767 7660
7623 7785 7656
7614 7759 7652
7612 7752 7647
7606 7766 7642
7599 7782 7638
7599 7768 7635
7599 7728 7632
7592 7766 7628
7583 7735 7625
7570 7781 7620
7570 7723 7615
7561 7731 7611
7560 7735 7605
7553 7705 7600
7553 7736 7594
7538 7702 7590
7538 7696 7583
7525 7716 7579
7525 7685 7573
7525 7693 7568
7518 7672 7565
7517 7712 7562
7499 7665 7559
7499 7658 7553
7498 7683 7548
7498 7666 7539
7498 7648 7531
7498 7640 7527
7484 7612 7525
7484 7627 7523
7476 7690 7519
7476 7620 7513
7475 7618 7511
7473 7664 7509
7473 7628 7506
7465 7662 7501
7464 7604 7496
7461 7606 7491
7455 7611 7488
7454 7584 7483
7450 7578 7480
7447 7591 7477
7445 7586 7474
7437 7634 7471
7437 7562 7468
7435 7572 7464
7432 7573 7462
7417 7545 7459
7417 7643 7456
7417 7560 7451
7417 7576 7448
7411 7538 7444
7402 7554 7441
7402 7572 7436
7391 7538 7432
7384 7563 7428
7384 7539 7424
7378 7521 7418
7370 7515 7413
7365 7548 7410
7362 7497 7406
7355 7519 7400
7354 7518 7396
7348 7532 7391
7347 7496 7385
7340 7524 7380
7337 7495 7374
7337 7470 7370
7327 7475 7365
7326 7477 7361
7319 7468 7357
7319 7458 7353
7311 7450 7349
7311 7496 7345
7300 7483 7341
7296 7437 7338
7294 7473 7334
7294 7428 7328
7287 7449 7324
7281 7447 7319
7276 7410 7315
7269 7420 7311
7261 7403 7305
7261 7467 7301
7250 7395 7295
7245 7388 7291
7243 7407 7285
7242 7382 7279
7236 7382 7273
7219 7369 7267
7218 7368 7261
7218 7357 7257
7189 7371 7253
7189 7360 7247
7189 7352 7243
7189 7343 7238
7189 7371 7232
7169 7347 7228
7169 7346 7223
7163 7323 7216
7159 7341 7211
7157 7290 7205
7151 7328 7200
7130 7288 7194
7130 7304 7187
7130 7310 7181
7123 7328 7174
7120 7296 7166
7115 7286 7160
7101 7262 7152
7101 7266 7145
7093 7242 7140
7093 7241 7134
7093 7243 7129
7087 7234 7124
7069 7269 7118
7069 7218 7111
7055 7256 7107
7055 7208 7104
7050 7209 7100
7050 7203 7094
7040 7194 7087
7040 7196 7081
7040 7180 7073
7026 7219 7069
7026 7193 7062
7026 7167 7058
7015 7159 7053
7015 7159 7048
7008 7155 7048
7008 7160 7045
7008 7135 7042
7002 7173 7036
6997 7134 7033
6997 7124 7031
6992 7132 7026
6990 7140 7018
6990 7109 7015
6986 7110 7011
6980 7128 7007
6979 7107 7004
6968 7097 7002
6968 7106 6999
6961 7106 6996
6961 7105 6994
6961 7147 6990
6956 7102 6988
6956 7093 6985
6949 7074 6982
6938 7119 6980
6938 7075 6976
6933 7097 6973
6933 7104 6969
6931 7087 6967
6928 7104 6964
6925 7079 6960
6922 7065 6955
6919 7058 6951
6910 7125 6947
6910 7037 6943
6910 7035 6937
6904 7111 6935
6904 7049 6930
6892 7040 6926
6892 7038 6922
6892 7035 6920
6886 7022 6919
6886 7012 6918
6886 7017 6915
6884 7020 6911
6884 7035 6909
6880 7012 6906
6878 7067 6899
6878 7013 6897
6877 7018 6895
6876 7008 6895
6876 6997 6895
6874 7022 6894
6868 6993 6893
6868 7018 6891
6868 7003 6889
6855 6991 6885
6847 6994 6885
6847 7005 6885
6847 7013 6882
6847 6988 6880
6847 6980 6876
6840 6983 6876
6834 6967 6874
6834 6972 6871
6834 7035 6866
6833 6962 6861
6823 6969 6856
6817 6976 6851
6817 6962 6847
6817 6958 6847
6812 6974 6845
6810 6939 6841
6810 6955 6840
6810 6946 6838
6805 6924 6833
6805 6953 6828
6804 6944 6824
6799 6985 6824
6799 6923 6821
6799 6941 6820
6799 6961 6821
6798 6941 6817
6797 6915 6813
6797 6923 6812
6792 6911 6810
6792 6919 6808
6787 6906 6808
6787 6919 6808
6787 6925 6807
6780 6901 6805
6780 6919 6805
6778 6899 6804
6776 6928 6801
6775 6909 6799
6765 6905 6796
6761 6921 6795
6761 6937 6792
6753 6892 6788
6753 6894 6785
6753 6907 6784
6753 6917 6784
6736 6911 6783
6736 6937 6783
6736 6956 6785
6736 6909 6785
6736 6931 6785
6728 6924 6778
6726 6907 6776
6723 6920 6773
6716 6912 6766
6711 6936 6762
6703 6895 6755
6703 6896 6751
6703 6866 6751
6701 6866 6748
6698 6879 6746
6696 6900 6744
6692 6857 6738
6684 6851 6733
6674 6854 6731
6674 6932 6729
6672 6880 6728
6661 6873 6720
6661 6818 6718
6656 6872 6713
6656 6831 6709
6656 6856 6709
6656 6884 6703
6647 6822 6697
6644 6963 6692
6644 6787 6682
6639 6796 6679
6625 6818 6674
6624 6780 6666
6620 6765 6662
6620 6772 6659
6620 6761 6654
6619 6748 6650
6606 6746 6645
6596 6742 6639
6596 6747 6634
6596 6778 6632
6582 6733 6628
6582 6762 6627
6582 6739 6625
6581 6729 6621
6577 6723 6614
6577 6714 6611
6563 6726 6606
6563 6702 6599
6563 6706 6593
6563 6708 6589
6558 6687 6588
6557 6712 6586
6551 6715 6585
6546 6698 6581
6546 6678 6578
6545 6697 6574
6544 6669 6569
6544 6671 6566
6542 6668 6566
6538 6671 6564
6536 6687 6561
6535 6683 6557
6535 6657 6554
6532 6658 6553
6531 6657 6552
6529 6647 6549
6526 6661 6546
6526 6652 6544
6525 6728 6543
6525 6639 6541
6524 6656 6539
6524 6647 6539
6523 6652 6538
6505 6640 6536
6504 6651 6534
6504 6648 6533
6504 6627 6533
6503 6718 6534
6494 6654 6532
6494 6634 6531
6493 6659 6531
6492 6639 6528
6491 6640 6525
6491 6664 6517
6491 6621 6512
6491 6617 6511
6491 6639 6509
6491 6611 6508
6483 6646 6506
6481 6611 6503
6481 6674 6502
6481 6621 6501
6481 6607 6500
6474 6603 6499
6474 6622 6500
6469 6608 6499
6469 6614 6498
6469 6619 6497
6469 6592 6494
6466 6596 6490
6458 6597 6487
6453 6606 6485
6453 6587 6482
6453 6591 6479
6453 6601 6478
6453 6610 6477
6453 6588 6476
6445 6568 6473
6445 6565 6470
6445 6579 6466
6436 6592 6463
6436 6577 6461
6430 6565 6461
6430 6644 6460
6430 6574 6459
6428 6560 6455
6428 6557 6454
6424 6552 6453
6413 6565 6454
6413 6568 6453
6413 6581 6453
6413 6607 6449
6409 6556 6444
6405 6554 6436
6405 6555 6434
6405 6584 6433
6405 6542 6428
6405 6587 6424
6401 6540 6421
6401 6564 6421
6401 6520 6418
6396 6531 6417
6396 6523 6416
6396 6543 6415
6396 6525 6413
6396 6570 6412
6396 6523 6409
6393 6522 6409
6387 6529 6410
6387 6565 6408
6387 6489 6407
6387 6502 6405
6383 6511 6404
6383 6522 6405
6383 6550 6403
6380 6521 6404
6380 6516 6401
6380 6511 6398
6380 6512 6395
6371 6497 6394
6371 6506 6393
6371 6527 6391
6368 6488 6390
6363 6516 6388
6355 6500 6387
6352 6497 6386
6349 6548 6385
6349 6491 6384
6349 6505 6383
6349 6506 6379
6349 6488 6374
6348 6503 6370
6343 6528 6368
6343 6478 6364
6340 6508 6362
6335 6461 6359
6334 6463 6357
6334 6459 6356
6329 6456 6352
6328 6452 6349
6328 6477 6348
6323 6482 6347
6321 6473 6346
6318 6518 6344
6313 6448 6342
6313 6444 6341
6313 6455 6337
6313 6488 6334
6311 6423 6331
6311 6429 6329
6311 6439 6328
6309 6432 6325
6309 6419 6324
6307 6433 6323
6307 6438 6321
6307 6427 6320
6307 6434 6319
6307 6440 6320
6307 6417 6319
6307 6433 6319
6304 6429 6317
6304 6434 6316
6302 6431 6316
6302 6413 6315
6302 6472 6315
6302 6434 6316
6302 6424 6315
6301 6427 6316
6301 6427 6315
6301 6440 6314
6301 6439 6313
6288 6430 6312
6288 6425 6310
6286 6459 6311
6285 6412 6310
6281 6428 6310
6278 6419 6310
6278 6441 6310
6278 6462 6308
6274 6420 6307
6274 6403 6304
6270 6398 6298
6269 6416 6293
6267 6416 6290
6258 6390 6289
6258 6402 6289
6258 6395 6287
6258 6409 6284
6255 6378 6279
6255 6381 6276
6252 6407 6275
6252 6408 6274
6252 6383 6273
6252 6364 6270
6252 6380 6268
6252 6376 6263
6243 6374 6263
6243 6430 6262
6243 6377 6263
6241 6373 6263
6241 6404 6261
6238 6366 6261
6238 6363 6260
6229 6361 6260
6229 6363 6259
6229 6366 6256
6224 6370 6252
6224 6346 6251
6224 6397 6250
6224 6356 6248
6222 6385 6245
6222 6364 6240
6222 6363 6236
6222 6322 6234
6222 6330 6234
6203 6350 6233
6202 6345 6233
6202 6353 6233
6202 6339 6232
6202 6388 6232
6202 6342 6231
6202 6353 6229
6200 6367 6228
6199 6349 6226
6199 6339 6223
6199 6324 6217
6197 6325 6210
6197 6319 6211
6185 6298 6211
6185 6310 6209
6185 6311 6209
6185 6315 6208
6185 6320 6206
6183 6307 6206
6168 6311 6206
6168 6321 6204
6168 6303 6203
6168 6356 6199
6154 6306 6195
6154 6298 6191
6151 6299 6190
6151 6303 6188
6144 6293 6184
6144 6303 6179
6144 6268 6172
6141 6292 6166
6141 6279 6162
6141 6264 6161
6141 6278 6160
6141 6290 6158
6141 6304 6158
6141 6261 6155
6141 6264 6152
6136 6292 6153
6133 6266 6153
6130 6262 6151
6130 6270 6151
6125 6268 6149
6125 6228 6149
6122 6283 6149
6122 6264 6149
6122 6269 6147
6122 6285 6146
6122 6265 6141
6117 6241 6137
6117 6243 6132
6117 6239 6132
6117 6244 6131
6112 6230 6130
6112 6227 6130
6112 6238 6129
6107 6227 6128
6107 6227 6126
6103 6266 6124
6102 6230 6124
6102 6257 6122
6093 6257 6120
6093 6260 6119
6093 6244 6119
6093 6257 6118
6093 6253 6115
6088 6233 6112
6088 6214 6108
6084 6220 6106
6084 6222 6102
6079 6216 6101
6070 6216 6102
6061 6223 6100
6061 6210 6099
6061 6199 6096
6061 6211 6092
6045 6201 6088
6045 6217 6086
6045 6192 6084
6045 6192 6082
6045 6181 6076
6045 6190 6071
6045 6169 6067
6038 6272 6067
6029 6162 6062
6029 6175 6055
6029 6171 6053
6029 6170 6053
6029 6173 6053
6029 6146 6050
6029 6160 6049
6027 6211 6044
6026 6155 6038
6026 6152 6038
6026 6218 6038
6026 6153 6037
6026 6151 6038
6023 6164 6037
6023 6152 6037
6021 6167 6036
6020 6220 6036
6020 6129 6035
6020 6137 6034
6017 6163 6034
6016 6146 6035
6015 6152 6034
6015 6136 6034
6015 6142 6032
6015 6120 6030
6015 6147 6028
6014 6134 6026
6014 6140 6026
6014 6115 6024
6014 6119 6024
6009 6122 6022
6009 6151 6023
6009 6131 6023
6009 6130 6024
6009 6139 6024
6009 6149 6023
6009 6142 6023
6009 6130 6021
6004 6141 6021
6004 6131 6021
5999 6191 6020
5999 6133 6017
5999 6158 6019
5999 6176 6017
5993 6174 6018
5993 6117 6017
5993 6125 6016
5993 6116 6015
5993 6112 6013
5988 6124 6012
5987 6209 6010
5987 6108 6006
5982 6125 6005
5982 6113 6004
5982 6192 6001
5982 6104 5997
5977 6112 5997
5977 6151 5997
5977 6108 5995
5977 6109 5995
5977 6112 5992
5977 6095 5990
5977 6123 5990
5977 6107 5990
5972 6171 5990
5972 6098 5991
5971 6092 5988
5966 6108 5987
5961 6090 5986
5961 6178 5987
5961 6102 5986
5961 6089 5987
5961 6112 5986
5961 6088 5985
5961 6084 5985
5961 6086 5982
5961 6087 5977
5960 6090 5973
5960 6100 5970
5953 6079 5969
5953 6127 5970
5953 6076 5970
5952 6070 5969
5952 6083 5970
5952 6088 5969
5952 6109 5969
5952 6068 5968
5952 6084 5968
5947 6078 5967
5947 6078 5965
5945 6067 5962
5940 6063 5961
5940 6074 5959
5939 6100 5960
5939 6100 5958
5939 6145 5956
5932 6063 5955
5930 6160 5954
5930 6066 5952
5928 6065 5949
5927 6065 5947
5927 6061 5943
5926 6065 5941
5925 6138 5942
5925 6064 5940
5925 6050 5939
5911 6044 5939
5911 6035 5937
5909 6073 5937
5906 6116 5935
5904 6050 5933
5891 6045 5934
5886 6041 5933
5886 6056 5932
5886 6082 5929
5886 6088 5926
5886 6042 5919
5886 6035 5913
5886 6003 5908
5877 6072 5905
5875 6011 5898
5875 6036 5896
5875 6001 5895
5866 5996 5894
5862 6003 5895
5855 6059 5894
5851 6016 5892
5851 5991 5890
5849 6056 5887
5849 6018 5883
5829 6005 5880
5829 5989 5875
5827 5998 5870
5827 5990 5862
5827 5958 5853
5827 5939 5845
5827 5951 5839
5813 5945 5837
5813 5930 5837
5813 5953 5838
5813 5947 5837
5813 5948 5836
5811 6027 5836
5811 5952 5836
5811 5947 5834
5811 5933 5834
5811 5953 5834
5811 5948 5832
5811 5963 5829
5810 5965 5825
5810 5932 5821
5809 5930 5820
5809 5946 5820
5805 5936 5819
5805 5972 5819
5804 5943 5818
5804 5942 5820
5799 5925 5818
5799 5947 5818
5797 5928 5818
5797 5924 5817
5797 5915 5816
5793 5948 5815
5790 5931 5813
5790 5933 5811
5790 5930 5809
5785 5932 5807
5785 5905 5805
5776 5902 5801
5776 5919 5800
5776 5925 5799
5773 5910 5799
5773 5907 5798
5773 5883 5797
5773 5966 5796
5767 5896 5794
5763 5957 5791
5763 5908 5788
5763 5955 5785
5763 5900 5783
5757 5910 5781
5756 5889 5780
5752 5999 5779
5752 5887 5776
5752 5875 5772
5745 5895 5770
5745 5924 5769
5744 5869 5767
5744 5877 5765
5738 5880 5764
5738 5889 5762
5733 5860 5759
5727 5871 5755
5727 5858 5754
5727 5860 5752
5727 5855 5751
5727 5861 5749
5727 5856 5745
5725 5861 5743
5724 5857 5740
5724 5844 5736
5724 5847 5736
5721 5895 5735
5721 5829 5735
5720 5897 5735
5717 5841 5733
5717 5873 5733
5715 5842 5731
5714 5841 5730
5700 5836 5729
5699 5859 5729
5699 5852 5729
5698 5875 5727
5698 5837 5725
5698 5841 5723
5692 5835 5721
5691 5841 5719
5691 5832 5718
5687 5825 5714
5684 5844 5710
5683 5812 5706
5679 5816 5704
5675 5817 5701
5668 5824 5698
5668 5824 5695
5668 5791 5691
5668 5790 5688
5664 5808 5686
5664 5810 5683
5661 5828 5681
5658 5794 5679
5657 5787 5677
5657 5773 5676
5657 5780 5675
5657 5805 5674
5653 5777 5671
5653 5764 5668
5653 5770 5667
5653 5770 5665
5653 5781 5666
5653 5790 5666
5653 5772 5665
5653 5793 5666
5653 5796 5665
5653 5799 5664
5653 5775 5664
5653 5772 5662
5653 5785 5663
5646 5762 5662
5646 5846 5662
5646 5759 5662
5646 5770 5661
5646 5767 5662
5646 5762 5661
5646 5781 5661
5646 5776 5661
5646 5791 5660
5646 5794 5658
5644 5752 5656
5644 5764 5654
5644 5766 5654
5644 5761 5655
5644 5757 5654
5644 5806 5654
5628 5778 5655
5628 5749 5654
5628 5815 5654
5626 5802 5653
5626 5755 5652
5626 5764 5653
5626 5746 5652
5626 5754 5651
5626 5752 5651
5626 5744 5649
5626 5755 5645
5626 5757 5639
5626 5758 5636
5626 5750 5635
5626 5748 5634
5626 5750 5634
5626 5738 5634
5626 5734 5634
